{
    "extrinsic_info":{
        "view0_extrinsic_matrix":[
            [
                -0.9848077297210693,
                0.1736481785774231,
                0.0,
                -0.5004355907440186
            ],
            [
                0.08682408928871155,
                0.49240386486053467,
                0.8660253882408142,
                -1.8877190351486206
            ],
            [
                0.15038372576236725,
                0.8528685569763184,
                -0.5,
                -54.11098861694336
            ],
            [
                0.0,
                0.0,
                0.0,
                1.0
            ]
        ],
        "view10_extrinsic_matrix":[
            [
                -0.9848077297210693,
                0.1736481785774231,
                0.0,
                -0.5004355907440186
            ],
            [
                0.08682408928871155,
                0.49240386486053467,
                0.8660253882408142,
                -1.8877190351486206
            ],
            [
                0.15038372576236725,
                0.8528685569763184,
                -0.5,
                -44.11098861694336
            ],
            [
                0.0,
                0.0,
                0.0,
                1.0
            ]
        ],
        "view11_extrinsic_matrix":[
            [
                -0.9848077297210693,
                0.1736481785774231,
                0.0,
                -0.5004355907440186
            ],
            [
                0.08682408928871155,
                0.49240386486053467,
                0.8660253882408142,
                -1.8877190351486206
            ],
            [
                0.15038372576236725,
                0.8528685569763184,
                -0.5,
                -43.11098861694336
            ],
            [
                0.0,
                0.0,
                0.0,
                1.0
            ]
        ],
        "view12_extrinsic_matrix":[
            [
                -0.9848077297210693,
                0.1736481785774231,
                0.0,
                -0.5004355907440186
            ],
            [
                0.08682408928871155,
                0.49240386486053467,
                0.8660253882408142,
                -1.8877190351486206
            ],
            [
                0.15038372576236725,
                0.8528685569763184,
                -0.5,
                -42.11098861694336
            ],
            [
                0.0,
                0.0,
                0.0,
                1.0
            ]
        ],
        "view13_extrinsic_matrix":[
            [
                -0.9848077297210693,
                0.1736481785774231,
                0.0,
                -0.5004355907440186
            ],
            [
                0.08682408928871155,
                0.49240386486053467,
                0.8660253882408142,
                -1.8877190351486206
            ],
            [
                0.15038372576236725,
                0.8528685569763184,
                -0.5,
                -41.11098861694336
            ],
            [
                0.0,
                0.0,
                0.0,
                1.0
            ]
        ],
        "view14_extrinsic_matrix":[
            [
                -0.9848077297210693,
                0.1736481785774231,
                0.0,
                -0.5004355907440186
            ],
            [
                0.08682408928871155,
                0.49240386486053467,
                0.8660253882408142,
                -1.8877190351486206
            ],
            [
                0.15038372576236725,
                0.8528685569763184,
                -0.5,
                -40.11098861694336
            ],
            [
                0.0,
                0.0,
                0.0,
                1.0
            ]
        ],
        "view15_extrinsic_matrix":[
            [
                -0.9848077297210693,
                0.1736481785774231,
                0.0,
                -0.5004355907440186
            ],
            [
                0.08682408928871155,
                0.49240386486053467,
                0.8660253882408142,
                -1.8877190351486206
            ],
            [
                0.15038372576236725,
                0.8528685569763184,
                -0.5,
                -39.11098861694336
            ],
            [
                0.0,
                0.0,
                0.0,
                1.0
            ]
        ],
        "view16_extrinsic_matrix":[
            [
                -0.9848077297210693,
                0.1736481785774231,
                0.0,
                -0.5004355907440186
            ],
            [
                0.08682408928871155,
                0.49240386486053467,
                0.8660253882408142,
                -1.8877190351486206
            ],
            [
                0.15038372576236725,
                0.8528685569763184,
                -0.5,
                -38.11098861694336
            ],
            [
                0.0,
                0.0,
                0.0,
                1.0
            ]
        ],
        "view17_extrinsic_matrix":[
            [
                -0.9848077297210693,
                0.1736481785774231,
                0.0,
                -0.5004355907440186
            ],
            [
                0.08682408928871155,
                0.49240386486053467,
                0.8660253882408142,
                -1.8877190351486206
            ],
            [
                0.15038372576236725,
                0.8528685569763184,
                -0.5,
                -37.11098861694336
            ],
            [
                0.0,
                0.0,
                0.0,
                1.0
            ]
        ],
        "view18_extrinsic_matrix":[
            [
                -0.9848077297210693,
                0.1736481785774231,
                0.0,
                -0.5004355907440186
            ],
            [
                0.08682408928871155,
                0.49240386486053467,
                0.8660253882408142,
                -1.8877190351486206
            ],
            [
                0.15038372576236725,
                0.8528685569763184,
                -0.5,
                -36.11098861694336
            ],
            [
                0.0,
                0.0,
                0.0,
                1.0
            ]
        ],
        "view19_extrinsic_matrix":[
            [
                -0.9848077297210693,
                0.1736481785774231,
                0.0,
                -0.5004355907440186
            ],
            [
                0.08682408928871155,
                0.49240386486053467,
                0.8660253882408142,
                -1.8877190351486206
            ],
            [
                0.15038372576236725,
                0.8528685569763184,
                -0.5,
                -35.11098861694336
            ],
            [
                0.0,
                0.0,
                0.0,
                1.0
            ]
        ],
        "view1_extrinsic_matrix":[
            [
                -0.9848077297210693,
                0.1736481785774231,
                0.0,
                -0.5004355907440186
            ],
            [
                0.08682408928871155,
                0.49240386486053467,
                0.8660253882408142,
                -1.8877190351486206
            ],
            [
                0.15038372576236725,
                0.8528685569763184,
                -0.5,
                -53.11098861694336
            ],
            [
                0.0,
                0.0,
                0.0,
                1.0
            ]
        ],
        "view20_extrinsic_matrix":[
            [
                -0.9848077297210693,
                0.1736481785774231,
                0.0,
                -0.5004355907440186
            ],
            [
                0.08682408928871155,
                0.49240386486053467,
                0.8660253882408142,
                -1.8877190351486206
            ],
            [
                0.15038372576236725,
                0.8528685569763184,
                -0.5,
                -34.11098861694336
            ],
            [
                0.0,
                0.0,
                0.0,
                1.0
            ]
        ],
        "view21_extrinsic_matrix":[
            [
                -0.9848077297210693,
                0.1736481785774231,
                0.0,
                -0.5004355907440186
            ],
            [
                0.08682408928871155,
                0.49240386486053467,
                0.8660253882408142,
                -1.8877190351486206
            ],
            [
                0.15038372576236725,
                0.8528685569763184,
                -0.5,
                -33.11098861694336
            ],
            [
                0.0,
                0.0,
                0.0,
                1.0
            ]
        ],
        "view22_extrinsic_matrix":[
            [
                -0.9848077297210693,
                0.1736481785774231,
                0.0,
                -0.5004355907440186
            ],
            [
                0.08682408928871155,
                0.49240386486053467,
                0.8660253882408142,
                -1.8877190351486206
            ],
            [
                0.15038372576236725,
                0.8528685569763184,
                -0.5,
                -32.11098861694336
            ],
            [
                0.0,
                0.0,
                0.0,
                1.0
            ]
        ],
        "view23_extrinsic_matrix":[
            [
                -0.9848077297210693,
                0.1736481785774231,
                0.0,
                -0.5004355907440186
            ],
            [
                0.08682408928871155,
                0.49240386486053467,
                0.8660253882408142,
                -1.8877190351486206
            ],
            [
                0.15038372576236725,
                0.8528685569763184,
                -0.5,
                -31.11098861694336
            ],
            [
                0.0,
                0.0,
                0.0,
                1.0
            ]
        ],
        "view24_extrinsic_matrix":[
            [
                -0.9848077297210693,
                0.1736481785774231,
                0.0,
                -0.5004355907440186
            ],
            [
                0.08682408928871155,
                0.49240386486053467,
                0.8660253882408142,
                -1.8877190351486206
            ],
            [
                0.15038372576236725,
                0.8528685569763184,
                -0.5,
                -30.11098861694336
            ],
            [
                0.0,
                0.0,
                0.0,
                1.0
            ]
        ],
        "view25_extrinsic_matrix":[
            [
                -0.9848077297210693,
                0.1736481785774231,
                0.0,
                -0.5004355907440186
            ],
            [
                0.08682408928871155,
                0.49240386486053467,
                0.8660253882408142,
                -1.8877190351486206
            ],
            [
                0.15038372576236725,
                0.8528685569763184,
                -0.5,
                -29.11098861694336
            ],
            [
                0.0,
                0.0,
                0.0,
                1.0
            ]
        ],
        "view26_extrinsic_matrix":[
            [
                -0.9848077297210693,
                0.1736481785774231,
                0.0,
                -0.5004355907440186
            ],
            [
                0.08682408928871155,
                0.49240386486053467,
                0.8660253882408142,
                -1.8877190351486206
            ],
            [
                0.15038372576236725,
                0.8528685569763184,
                -0.5,
                -28.11098861694336
            ],
            [
                0.0,
                0.0,
                0.0,
                1.0
            ]
        ],
        "view27_extrinsic_matrix":[
            [
                -0.9848077297210693,
                0.1736481785774231,
                0.0,
                -0.5004355907440186
            ],
            [
                0.08682408928871155,
                0.49240386486053467,
                0.8660253882408142,
                -1.8877190351486206
            ],
            [
                0.15038372576236725,
                0.8528685569763184,
                -0.5,
                -27.11098861694336
            ],
            [
                0.0,
                0.0,
                0.0,
                1.0
            ]
        ],
        "view28_extrinsic_matrix":[
            [
                -0.9848077297210693,
                0.1736481785774231,
                0.0,
                -0.5004355907440186
            ],
            [
                0.08682408928871155,
                0.49240386486053467,
                0.8660253882408142,
                -1.8877190351486206
            ],
            [
                0.15038372576236725,
                0.8528685569763184,
                -0.5,
                -26.11098861694336
            ],
            [
                0.0,
                0.0,
                0.0,
                1.0
            ]
        ],
        "view29_extrinsic_matrix":[
            [
                -0.9848077297210693,
                0.1736481785774231,
                0.0,
                -0.5004355907440186
            ],
            [
                0.08682408928871155,
                0.49240386486053467,
                0.8660253882408142,
                -1.8877190351486206
            ],
            [
                0.15038372576236725,
                0.8528685569763184,
                -0.5,
                -25.11098861694336
            ],
            [
                0.0,
                0.0,
                0.0,
                1.0
            ]
        ],
        "view2_extrinsic_matrix":[
            [
                -0.9848077297210693,
                0.1736481785774231,
                0.0,
                -0.5004355907440186
            ],
            [
                0.08682408928871155,
                0.49240386486053467,
                0.8660253882408142,
                -1.8877190351486206
            ],
            [
                0.15038372576236725,
                0.8528685569763184,
                -0.5,
                -52.11098861694336
            ],
            [
                0.0,
                0.0,
                0.0,
                1.0
            ]
        ],
        "view30_extrinsic_matrix":[
            [
                -0.9848077297210693,
                0.1736481785774231,
                0.0,
                -0.5004355907440186
            ],
            [
                0.08682408928871155,
                0.49240386486053467,
                0.8660253882408142,
                -1.8877190351486206
            ],
            [
                0.15038372576236725,
                0.8528685569763184,
                -0.5,
                -24.11098861694336
            ],
            [
                0.0,
                0.0,
                0.0,
                1.0
            ]
        ],
        "view31_extrinsic_matrix":[
            [
                -0.9848077297210693,
                0.1736481785774231,
                0.0,
                -0.5004355907440186
            ],
            [
                0.08682408928871155,
                0.49240386486053467,
                0.8660253882408142,
                -1.8877190351486206
            ],
            [
                0.15038372576236725,
                0.8528685569763184,
                -0.5,
                -23.11098861694336
            ],
            [
                0.0,
                0.0,
                0.0,
                1.0
            ]
        ],
        "view32_extrinsic_matrix":[
            [
                -0.9848077297210693,
                0.1736481785774231,
                0.0,
                -0.5004355907440186
            ],
            [
                0.08682408928871155,
                0.49240386486053467,
                0.8660253882408142,
                -1.8877190351486206
            ],
            [
                0.15038372576236725,
                0.8528685569763184,
                -0.5,
                -22.11098861694336
            ],
            [
                0.0,
                0.0,
                0.0,
                1.0
            ]
        ],
        "view33_extrinsic_matrix":[
            [
                -0.9848077297210693,
                0.1736481785774231,
                0.0,
                -0.5004355907440186
            ],
            [
                0.08682408928871155,
                0.49240386486053467,
                0.8660253882408142,
                -1.8877190351486206
            ],
            [
                0.15038372576236725,
                0.8528685569763184,
                -0.5,
                -21.11098861694336
            ],
            [
                0.0,
                0.0,
                0.0,
                1.0
            ]
        ],
        "view34_extrinsic_matrix":[
            [
                -0.9848077297210693,
                0.1736481785774231,
                0.0,
                -0.5004355907440186
            ],
            [
                0.08682408928871155,
                0.49240386486053467,
                0.8660253882408142,
                -1.8877190351486206
            ],
            [
                0.15038372576236725,
                0.8528685569763184,
                -0.5,
                -20.11098861694336
            ],
            [
                0.0,
                0.0,
                0.0,
                1.0
            ]
        ],
        "view35_extrinsic_matrix":[
            [
                -0.9848077297210693,
                0.1736481785774231,
                0.0,
                -0.5004355907440186
            ],
            [
                0.08682408928871155,
                0.49240386486053467,
                0.8660253882408142,
                -1.8877190351486206
            ],
            [
                0.15038372576236725,
                0.8528685569763184,
                -0.5,
                -19.11098861694336
            ],
            [
                0.0,
                0.0,
                0.0,
                1.0
            ]
        ],
        "view3_extrinsic_matrix":[
            [
                -0.9848077297210693,
                0.1736481785774231,
                0.0,
                -0.5004355907440186
            ],
            [
                0.08682408928871155,
                0.49240386486053467,
                0.8660253882408142,
                -1.8877190351486206
            ],
            [
                0.15038372576236725,
                0.8528685569763184,
                -0.5,
                -51.11098861694336
            ],
            [
                0.0,
                0.0,
                0.0,
                1.0
            ]
        ],
        "view4_extrinsic_matrix":[
            [
                -0.9848077297210693,
                0.1736481785774231,
                0.0,
                -0.5004355907440186
            ],
            [
                0.08682408928871155,
                0.49240386486053467,
                0.8660253882408142,
                -1.8877190351486206
            ],
            [
                0.15038372576236725,
                0.8528685569763184,
                -0.5,
                -50.11098861694336
            ],
            [
                0.0,
                0.0,
                0.0,
                1.0
            ]
        ],
        "view5_extrinsic_matrix":[
            [
                -0.9848077297210693,
                0.1736481785774231,
                0.0,
                -0.5004355907440186
            ],
            [
                0.08682408928871155,
                0.49240386486053467,
                0.8660253882408142,
                -1.8877190351486206
            ],
            [
                0.15038372576236725,
                0.8528685569763184,
                -0.5,
                -49.11098861694336
            ],
            [
                0.0,
                0.0,
                0.0,
                1.0
            ]
        ],
        "view6_extrinsic_matrix":[
            [
                -0.9848077297210693,
                0.1736481785774231,
                0.0,
                -0.5004355907440186
            ],
            [
                0.08682408928871155,
                0.49240386486053467,
                0.8660253882408142,
                -1.8877190351486206
            ],
            [
                0.15038372576236725,
                0.8528685569763184,
                -0.5,
                -48.11098861694336
            ],
            [
                0.0,
                0.0,
                0.0,
                1.0
            ]
        ],
        "view7_extrinsic_matrix":[
            [
                -0.9848077297210693,
                0.1736481785774231,
                0.0,
                -0.5004355907440186
            ],
            [
                0.08682408928871155,
                0.49240386486053467,
                0.8660253882408142,
                -1.8877190351486206
            ],
            [
                0.15038372576236725,
                0.8528685569763184,
                -0.5,
                -47.11098861694336
            ],
            [
                0.0,
                0.0,
                0.0,
                1.0
            ]
        ],
        "view8_extrinsic_matrix":[
            [
                -0.9848077297210693,
                0.1736481785774231,
                0.0,
                -0.5004355907440186
            ],
            [
                0.08682408928871155,
                0.49240386486053467,
                0.8660253882408142,
                -1.8877190351486206
            ],
            [
                0.15038372576236725,
                0.8528685569763184,
                -0.5,
                -46.11098861694336
            ],
            [
                0.0,
                0.0,
                0.0,
                1.0
            ]
        ],
        "view9_extrinsic_matrix":[
            [
                -0.9848077297210693,
                0.1736481785774231,
                0.0,
                -0.5004355907440186
            ],
            [
                0.08682408928871155,
                0.49240386486053467,
                0.8660253882408142,
                -1.8877190351486206
            ],
            [
                0.15038372576236725,
                0.8528685569763184,
                -0.5,
                -45.11098861694336
            ],
            [
                0.0,
                0.0,
                0.0,
                1.0
            ]
        ]
    },
    "intrinsic_info":[
        [
            181.62961152690517,
            0,
            153
        ],
        [
            0,
            181.62961152690517,
            200
        ],
        [
            0,
            0,
            1
        ]
    ]
}