{
    "extrinsic_info":{
        "view0_extrinsic_matrix":[
            [
                -1.0,
                5.98255069306527e-17,
                0.0,
                -1.2145447731018066
            ],
            [
                2.991275346532635e-17,
                0.5,
                0.8660253882408142,
                -1.9627397060394287
            ],
            [
                5.1810408036422135e-17,
                0.8660253882408142,
                -0.5,
                -84.24092864990234
            ],
            [
                0.0,
                0.0,
                0.0,
                1.0
            ]
        ],
        "view10_extrinsic_matrix":[
            [
                -1.0,
                6.089382061793229e-17,
                0.0,
                -1.2145447731018066
            ],
            [
                3.0446910308966146e-17,
                0.5,
                0.8660253882408142,
                -1.9627397060394287
            ],
            [
                5.2735593007950446e-17,
                0.8660253882408142,
                -0.5,
                -74.24092864990234
            ],
            [
                0.0,
                0.0,
                0.0,
                1.0
            ]
        ],
        "view11_extrinsic_matrix":[
            [
                -1.0,
                6.16646272173786e-17,
                0.0,
                -1.2145447731018066
            ],
            [
                3.08323136086893e-17,
                0.5,
                0.8660253882408142,
                -1.9627397060394287
            ],
            [
                5.340313437972564e-17,
                0.8660253882408142,
                -0.5,
                -73.24092864990234
            ],
            [
                0.0,
                0.0,
                0.0,
                1.0
            ]
        ],
        "view12_extrinsic_matrix":[
            [
                -1.0,
                6.245520012474249e-17,
                0.0,
                -1.2145447731018066
            ],
            [
                3.122760006237124e-17,
                0.5,
                0.8660253882408142,
                -1.9627397060394287
            ],
            [
                5.408778846401333e-17,
                0.8660253882408142,
                -0.5,
                -72.24092864990234
            ],
            [
                0.0,
                0.0,
                0.0,
                1.0
            ]
        ],
        "view13_extrinsic_matrix":[
            [
                -1.0,
                5.993650133396752e-17,
                0.0,
                -1.2145447731018066
            ],
            [
                2.996825066698376e-17,
                0.5,
                0.8660253882408142,
                -1.9627397060394287
            ],
            [
                5.190652973232325e-17,
                0.8660253882408142,
                -0.5,
                -71.24092864990234
            ],
            [
                0.0,
                0.0,
                0.0,
                1.0
            ]
        ],
        "view14_extrinsic_matrix":[
            [
                -1.0,
                6.072513532997558e-17,
                0.0,
                -1.2145447731018066
            ],
            [
                3.036256766498779e-17,
                0.5,
                0.8660253882408142,
                -1.9627397060394287
            ],
            [
                5.258951291177358e-17,
                0.8660253882408142,
                -0.5,
                -70.24092864990234
            ],
            [
                0.0,
                0.0,
                0.0,
                1.0
            ]
        ],
        "view15_extrinsic_matrix":[
            [
                -1.0,
                6.153480618332208e-17,
                0.0,
                -1.2145447731018066
            ],
            [
                3.076740309166104e-17,
                0.5,
                0.8660253882408142,
                -1.9627397060394287
            ],
            [
                5.329070399086743e-17,
                0.8660253882408142,
                -0.5,
                -69.24092864990234
            ],
            [
                0.0,
                0.0,
                0.0,
                1.0
            ]
        ],
        "view16_extrinsic_matrix":[
            [
                -1.0,
                6.236635430950939e-17,
                0.0,
                -1.2145447731018066
            ],
            [
                3.1183177154754695e-17,
                0.5,
                0.8660253882408142,
                -1.9627397060394287
            ],
            [
                5.401085074087855e-17,
                0.8660253882408142,
                -0.5,
                -68.24092864990234
            ],
            [
                0.0,
                0.0,
                0.0,
                1.0
            ]
        ],
        "view17_extrinsic_matrix":[
            [
                -1.0,
                5.97084310954744e-17,
                0.0,
                -1.2145447731018066
            ],
            [
                2.98542155477372e-17,
                0.5,
                0.8660253882408142,
                -1.9627397060394287
            ],
            [
                5.1709018854380286e-17,
                0.8660253882408142,
                -0.5,
                -67.24092864990234
            ],
            [
                0.0,
                0.0,
                0.0,
                1.0
            ]
        ],
        "view18_extrinsic_matrix":[
            [
                -1.0,
                6.053771605550576e-17,
                0.0,
                -1.2145447731018066
            ],
            [
                3.026885802775288e-17,
                0.5,
                0.8660253882408142,
                -1.9627397060394287
            ],
            [
                5.2427196914533525e-17,
                0.8660253882408142,
                -0.5,
                -66.24092864990234
            ],
            [
                0.0,
                0.0,
                0.0,
                1.0
            ]
        ],
        "view19_extrinsic_matrix":[
            [
                -1.0,
                6.139036059603562e-17,
                0.0,
                -1.2145447731018066
            ],
            [
                3.069518029801781e-17,
                0.5,
                0.8660253882408142,
                -1.9627397060394287
            ],
            [
                5.316561112119226e-17,
                0.8660253882408142,
                -0.5,
                -65.24092864990234
            ],
            [
                0.0,
                0.0,
                0.0,
                1.0
            ]
        ],
        "view1_extrinsic_matrix":[
            [
                -1.0,
                6.04977003661929e-17,
                0.0,
                -1.2145447731018066
            ],
            [
                3.024885018309645e-17,
                0.5,
                0.8660253882408142,
                -1.9627397060394287
            ],
            [
                5.2392547973034904e-17,
                0.8660253882408142,
                -0.5,
                -83.24092864990234
            ],
            [
                0.0,
                0.0,
                0.0,
                1.0
            ]
        ],
        "view20_extrinsic_matrix":[
            [
                -1.0,
                6.226736395124394e-17,
                0.0,
                -1.2145447731018066
            ],
            [
                3.113368197562197e-17,
                0.5,
                0.8660253882408142,
                -1.9627397060394287
            ],
            [
                5.39251184334711e-17,
                0.8660253882408142,
                -0.5,
                -64.24092864990234
            ],
            [
                0.0,
                0.0,
                0.0,
                1.0
            ]
        ],
        "view21_extrinsic_matrix":[
            [
                -1.0,
                5.945391754715918e-17,
                0.0,
                -1.2145447731018066
            ],
            [
                2.972695877357959e-17,
                0.5,
                0.8660253882408142,
                -1.9627397060394287
            ],
            [
                5.1488604999636956e-17,
                0.8660253882408142,
                -0.5,
                -63.240928649902344
            ],
            [
                0.0,
                0.0,
                0.0,
                1.0
            ]
        ],
        "view22_extrinsic_matrix":[
            [
                -1.0,
                6.032824083718283e-17,
                0.0,
                -1.2145447731018066
            ],
            [
                3.016412041859142e-17,
                0.5,
                0.8660253882408142,
                -1.9627397060394287
            ],
            [
                5.2245789588755746e-17,
                0.8660253882408142,
                -0.5,
                -62.240928649902344
            ],
            [
                0.0,
                0.0,
                0.0,
                1.0
            ]
        ],
        "view23_extrinsic_matrix":[
            [
                -1.0,
                6.122866332989376e-17,
                0.0,
                -1.2145447731018066
            ],
            [
                3.061433166494688e-17,
                0.5,
                0.8660253882408142,
                -1.9627397060394287
            ],
            [
                5.3025576060931935e-17,
                0.8660253882408142,
                -0.5,
                -61.240928649902344
            ],
            [
                0.0,
                0.0,
                0.0,
                1.0
            ]
        ],
        "view24_extrinsic_matrix":[
            [
                -1.0,
                6.215636954792913e-17,
                0.0,
                -1.2145447731018066
            ],
            [
                3.1078184773964564e-17,
                0.5,
                0.8660253882408142,
                -1.9627397060394287
            ],
            [
                5.382899673756999e-17,
                0.8660253882408142,
                -0.5,
                -60.240928649902344
            ],
            [
                0.0,
                0.0,
                0.0,
                1.0
            ]
        ],
        "view25_extrinsic_matrix":[
            [
                -1.0,
                6.311262342326493e-17,
                0.0,
                -1.2145447731018066
            ],
            [
                3.1556311711632465e-17,
                0.5,
                0.8660253882408142,
                -1.9627397060394287
            ],
            [
                5.465713357091113e-17,
                0.8660253882408142,
                -0.5,
                -59.240928649902344
            ],
            [
                0.0,
                0.0,
                0.0,
                1.0
            ]
        ],
        "view26_extrinsic_matrix":[
            [
                -1.0,
                6.009258700683383e-17,
                0.0,
                -1.2145447731018066
            ],
            [
                3.0046293503416913e-17,
                0.5,
                0.8660253882408142,
                -1.9627397060394287
            ],
            [
                5.204170427930421e-17,
                0.8660253882408142,
                -0.5,
                -58.240928649902344
            ],
            [
                0.0,
                0.0,
                0.0,
                1.0
            ]
        ],
        "view27_extrinsic_matrix":[
            [
                -1.0,
                6.104643213222587e-17,
                0.0,
                -1.2145447731018066
            ],
            [
                3.052321606611294e-17,
                0.5,
                0.8660253882408142,
                -1.9627397060394287
            ],
            [
                5.286776323494662e-17,
                0.8660253882408142,
                -0.5,
                -57.240928649902344
            ],
            [
                0.0,
                0.0,
                0.0,
                1.0
            ]
        ],
        "view28_extrinsic_matrix":[
            [
                -1.0,
                6.20310549938498e-17,
                0.0,
                -1.2145447731018066
            ],
            [
                3.10155274969249e-17,
                0.5,
                0.8660253882408142,
                -1.9627397060394287
            ],
            [
                5.372046733248058e-17,
                0.8660253882408142,
                -0.5,
                -56.240928649902344
            ],
            [
                0.0,
                0.0,
                0.0,
                1.0
            ]
        ],
        "view29_extrinsic_matrix":[
            [
                -1.0,
                6.304795775169799e-17,
                0.0,
                -1.2145447731018066
            ],
            [
                3.152397887584899e-17,
                0.5,
                0.8660253882408142,
                -1.9627397060394287
            ],
            [
                5.460113344344129e-17,
                0.8660253882408142,
                -0.5,
                -55.240928649902344
            ],
            [
                0.0,
                0.0,
                0.0,
                1.0
            ]
        ],
        "view2_extrinsic_matrix":[
            [
                -1.0,
                6.118517348200817e-17,
                0.0,
                -1.2145447731018066
            ],
            [
                3.0592586741004084e-17,
                0.5,
                0.8660253882408142,
                -1.9627397060394287
            ],
            [
                5.298791618200362e-17,
                0.8660253882408142,
                -0.5,
                -82.24092864990234
            ],
            [
                0.0,
                0.0,
                0.0,
                1.0
            ]
        ],
        "view30_extrinsic_matrix":[
            [
                -1.0,
                5.98255069306527e-17,
                0.0,
                -1.2145447731018066
            ],
            [
                2.991275346532635e-17,
                0.5,
                0.8660253882408142,
                -1.9627397060394287
            ],
            [
                5.1810408036422135e-17,
                0.8660253882408142,
                -0.5,
                -54.240928649902344
            ],
            [
                0.0,
                0.0,
                0.0,
                1.0
            ]
        ],
        "view31_extrinsic_matrix":[
            [
                -1.0,
                6.083949801274471e-17,
                0.0,
                -1.2145447731018066
            ],
            [
                3.0419749006372354e-17,
                0.5,
                0.8660253882408142,
                -1.9627397060394287
            ],
            [
                5.268854959215333e-17,
                0.8660253882408142,
                -0.5,
                -53.240928649902344
            ],
            [
                0.0,
                0.0,
                0.0,
                1.0
            ]
        ],
        "view32_extrinsic_matrix":[
            [
                -1.0,
                6.188845567369055e-17,
                0.0,
                -1.2145447731018066
            ],
            [
                3.094422783684528e-17,
                0.5,
                0.8660253882408142,
                -1.9627397060394287
            ],
            [
                5.3596972575748866e-17,
                0.8660253882408142,
                -0.5,
                -52.240928649902344
            ],
            [
                0.0,
                0.0,
                0.0,
                1.0
            ]
        ],
        "view33_extrinsic_matrix":[
            [
                -1.0,
                6.297421956317256e-17,
                0.0,
                -1.2145447731018066
            ],
            [
                3.148710978158628e-17,
                0.5,
                0.8660253882408142,
                -1.9627397060394287
            ],
            [
                5.4537271791429745e-17,
                0.8660253882408142,
                -0.5,
                -51.240928649902344
            ],
            [
                0.0,
                0.0,
                0.0,
                1.0
            ]
        ],
        "view34_extrinsic_matrix":[
            [
                -1.0,
                5.952027066717574e-17,
                0.0,
                -1.2145447731018066
            ],
            [
                2.976013533358787e-17,
                0.5,
                0.8660253882408142,
                -1.9627397060394287
            ],
            [
                5.154606758242979e-17,
                0.8660253882408142,
                -0.5,
                -50.240928649902344
            ],
            [
                0.0,
                0.0,
                0.0,
                1.0
            ]
        ],
        "view35_extrinsic_matrix":[
            [
                -1.0,
                6.060246113641151e-17,
                0.0,
                -1.2145447731018066
            ],
            [
                3.0301230568205757e-17,
                0.5,
                0.8660253882408142,
                -1.9627397060394287
            ],
            [
                5.248326983389727e-17,
                0.8660253882408142,
                -0.5,
                -49.240928649902344
            ],
            [
                0.0,
                0.0,
                0.0,
                1.0
            ]
        ],
        "view3_extrinsic_matrix":[
            [
                -1.0,
                6.188845567369055e-17,
                0.0,
                -1.2145447731018066
            ],
            [
                3.094422783684528e-17,
                0.5,
                0.8660253882408142,
                -1.9627397060394287
            ],
            [
                5.3596972575748866e-17,
                0.8660253882408142,
                -0.5,
                -81.24092864990234
            ],
            [
                0.0,
                0.0,
                0.0,
                1.0
            ]
        ],
        "view4_extrinsic_matrix":[
            [
                -1.0,
                6.260808957172189e-17,
                0.0,
                -1.2145447731018066
            ],
            [
                3.1304044785860944e-17,
                0.5,
                0.8660253882408142,
                -1.9627397060394287
            ],
            [
                5.422019361030347e-17,
                0.8660253882408142,
                -0.5,
                -80.24092864990234
            ],
            [
                0.0,
                0.0,
                0.0,
                1.0
            ]
        ],
        "view5_extrinsic_matrix":[
            [
                -1.0,
                6.032824083718283e-17,
                0.0,
                -1.2145447731018066
            ],
            [
                3.016412041859142e-17,
                0.5,
                0.8660253882408142,
                -1.9627397060394287
            ],
            [
                5.2245789588755746e-17,
                0.8660253882408142,
                -0.5,
                -79.24092864990234
            ],
            [
                0.0,
                0.0,
                0.0,
                1.0
            ]
        ],
        "view6_extrinsic_matrix":[
            [
                -1.0,
                6.104643213222587e-17,
                0.0,
                -1.2145447731018066
            ],
            [
                3.052321606611294e-17,
                0.5,
                0.8660253882408142,
                -1.9627397060394287
            ],
            [
                5.286776323494662e-17,
                0.8660253882408142,
                -0.5,
                -78.24092864990234
            ],
            [
                0.0,
                0.0,
                0.0,
                1.0
            ]
        ],
        "view7_extrinsic_matrix":[
            [
                -1.0,
                6.178193466312843e-17,
                0.0,
                -1.2145447731018066
            ],
            [
                3.089096733156421e-17,
                0.5,
                0.8660253882408142,
                -1.9627397060394287
            ],
            [
                5.350472539383695e-17,
                0.8660253882408142,
                -0.5,
                -77.24092864990234
            ],
            [
                0.0,
                0.0,
                0.0,
                1.0
            ]
        ],
        "view8_extrinsic_matrix":[
            [
                -1.0,
                6.253537046971113e-17,
                0.0,
                -1.2145447731018066
            ],
            [
                3.126768523485556e-17,
                0.5,
                0.8660253882408142,
                -1.9627397060394287
            ],
            [
                5.415722200463103e-17,
                0.8660253882408142,
                -0.5,
                -76.24092864990234
            ],
            [
                0.0,
                0.0,
                0.0,
                1.0
            ]
        ],
        "view9_extrinsic_matrix":[
            [
                -1.0,
                6.01420457900196e-17,
                0.0,
                -1.2145447731018066
            ],
            [
                3.00710228950098e-17,
                0.5,
                0.8660253882408142,
                -1.9627397060394287
            ],
            [
                5.208453569142221e-17,
                0.8660253882408142,
                -0.5,
                -75.24092864990234
            ],
            [
                0.0,
                0.0,
                0.0,
                1.0
            ]
        ]
    },
    "intrinsic_info":[
        [
            181.62961152690517,
            0,
            153
        ],
        [
            0,
            181.62961152690517,
            200
        ],
        [
            0,
            0,
            1
        ]
    ]
}