{
    "extrinsic_info":{
        "view0_extrinsic_matrix":[
            [
                1.0,
                0.0,
                0.0,
                1.2145447731018066
            ],
            [
                0.0,
                0.9848077297210693,
                -0.1736481785774231,
                4.740460395812988
            ],
            [
                0.0,
                0.1736481785774231,
                0.9848077297210693,
                -185.44369506835938
            ],
            [
                0.0,
                0.0,
                0.0,
                1.0
            ]
        ],
        "view10_extrinsic_matrix":[
            [
                -1.0,
                0.0,
                0.0,
                -1.2145447731018066
            ],
            [
                0.0,
                -0.3420201539993286,
                0.9396926164627075,
                -5.6733293533325195
            ],
            [
                0.0,
                0.9396926164627075,
                0.3420201539993286,
                -179.43130493164062
            ],
            [
                0.0,
                0.0,
                0.0,
                1.0
            ]
        ],
        "view11_extrinsic_matrix":[
            [
                -1.0,
                0.0,
                0.0,
                -1.2145447731018066
            ],
            [
                0.0,
                -0.5,
                0.8660253882408142,
                -5.968871593475342
            ],
            [
                0.0,
                0.8660253882408142,
                0.5,
                -180.44985961914062
            ],
            [
                0.0,
                0.0,
                0.0,
                1.0
            ]
        ],
        "view12_extrinsic_matrix":[
            [
                -1.0,
                0.0,
                0.0,
                -1.2145447731018066
            ],
            [
                0.0,
                -0.6427876353263855,
                0.7660444378852844,
                -6.083053112030029
            ],
            [
                0.0,
                0.7660444378852844,
                0.6427876353263855,
                -181.5042724609375
            ],
            [
                0.0,
                0.0,
                0.0,
                1.0
            ]
        ],
        "view13_extrinsic_matrix":[
            [
                -1.0,
                0.0,
                0.0,
                -1.2145447731018066
            ],
            [
                0.0,
                -0.7660444378852844,
                0.6427876353263855,
                -6.012403964996338
            ],
            [
                0.0,
                0.6427876353263855,
                0.7660444378852844,
                -182.56248474121094
            ],
            [
                0.0,
                0.0,
                0.0,
                1.0
            ]
        ],
        "view14_extrinsic_matrix":[
            [
                -1.0,
                0.0,
                0.0,
                -1.2145447731018066
            ],
            [
                0.0,
                -0.8660253882408142,
                0.5,
                -5.759071350097656
            ],
            [
                0.0,
                0.5,
                0.8660253882408142,
                -183.59234619140625
            ],
            [
                0.0,
                0.0,
                0.0,
                1.0
            ]
        ],
        "view15_extrinsic_matrix":[
            [
                -1.0,
                0.0,
                0.0,
                -1.2145447731018066
            ],
            [
                0.0,
                -0.9396926164627075,
                0.3420201539993286,
                -5.330751895904541
            ],
            [
                0.0,
                0.3420201539993286,
                0.9396926164627075,
                -184.56259155273438
            ],
            [
                0.0,
                0.0,
                0.0,
                1.0
            ]
        ],
        "view16_extrinsic_matrix":[
            [
                -1.0,
                0.0,
                0.0,
                -1.2145447731018066
            ],
            [
                0.0,
                -0.9848077297210693,
                0.1736481785774231,
                -4.740460395812988
            ],
            [
                0.0,
                0.1736481785774231,
                0.9848077297210693,
                -185.44369506835938
            ],
            [
                0.0,
                0.0,
                0.0,
                1.0
            ]
        ],
        "view17_extrinsic_matrix":[
            [
                0.0,
                1.0,
                -4.987854095069434e-16,
                4.006132125854492
            ],
            [
                -1.0,
                0.0,
                0.0,
                -1.2145447731018066
            ],
            [
                0.0,
                4.987854095069434e-16,
                1.0,
                -186.20892333984375
            ],
            [
                0.0,
                0.0,
                0.0,
                1.0
            ]
        ],
        "view18_extrinsic_matrix":[
            [
                0.0,
                1.0,
                -4.96548977828396e-16,
                4.006132125854492
            ],
            [
                -0.9848077297210693,
                -8.622483059649477e-17,
                -0.1736481785774231,
                -0.4009028673171997
            ],
            [
                -0.1736481785774231,
                4.890053024001492e-16,
                0.9848077297210693,
                -186.3502655029297
            ],
            [
                0.0,
                0.0,
                0.0,
                1.0
            ]
        ],
        "view19_extrinsic_matrix":[
            [
                0.0,
                1.0,
                -4.943691385386371e-16,
                4.006132125854492
            ],
            [
                -0.9396926164627075,
                -1.690842007702012e-16,
                -0.3420201539993286,
                0.4249202609062195
            ],
            [
                -0.3420201539993286,
                4.645550081633842e-16,
                0.9396926164627075,
                -186.34815979003906
            ],
            [
                0.0,
                0.0,
                0.0,
                1.0
            ]
        ],
        "view1_extrinsic_matrix":[
            [
                1.0,
                0.0,
                0.0,
                1.2145447731018066
            ],
            [
                0.0,
                0.9396926164627075,
                -0.3420201539993286,
                5.330751895904541
            ],
            [
                0.0,
                0.3420201539993286,
                0.9396926164627075,
                -184.56259155273438
            ],
            [
                0.0,
                0.0,
                0.0,
                1.0
            ]
        ],
        "view20_extrinsic_matrix":[
            [
                0.0,
                1.0,
                -4.968961025180927e-16,
                4.006132125854492
            ],
            [
                -0.8660253882408142,
                -2.4844805125904634e-16,
                -0.5,
                1.2378324270248413
            ],
            [
                -0.5,
                4.303246597593842e-16,
                0.8660253882408142,
                -186.2026824951172
            ],
            [
                0.0,
                0.0,
                0.0,
                1.0
            ]
        ],
        "view21_extrinsic_matrix":[
            [
                0.0,
                1.0,
                -4.979138655437779e-16,
                4.006132125854492
            ],
            [
                -0.7660444378852844,
                -3.200528549579155e-16,
                -0.6427876353263855,
                2.0131335258483887
            ],
            [
                -0.6427876353263855,
                3.8142412422541338e-16,
                0.7660444378852844,
                -185.91827392578125
            ],
            [
                0.0,
                0.0,
                0.0,
                1.0
            ]
        ],
        "view22_extrinsic_matrix":[
            [
                0.0,
                1.0,
                -5.020997435504311e-16,
                4.006132125854492
            ],
            [
                -0.6427876353263855,
                -3.8463072626592214e-16,
                -0.7660444378852844,
                2.727266788482666
            ],
            [
                -0.7660444378852844,
                3.2274350805442796e-16,
                0.6427876353263855,
                -185.5035400390625
            ],
            [
                0.0,
                0.0,
                0.0,
                1.0
            ]
        ],
        "view23_extrinsic_matrix":[
            [
                0.0,
                1.0,
                -4.987854095069434e-16,
                4.006132125854492
            ],
            [
                -0.5,
                -4.319608362459039e-16,
                -0.8660253882408142,
                3.3585333824157715
            ],
            [
                -0.8660253882408142,
                2.493927047534717e-16,
                0.5,
                -184.97109985351562
            ],
            [
                0.0,
                0.0,
                0.0,
                1.0
            ]
        ],
        "view24_extrinsic_matrix":[
            [
                0.0,
                1.0,
                -5.004145185623094e-16,
                4.006132125854492
            ],
            [
                -0.3420201539993286,
                -4.70235846382382e-16,
                -0.9396926164627075,
                3.8877525329589844
            ],
            [
                -0.9396926164627075,
                1.7115184789911835e-16,
                0.3420201539993286,
                -184.33712768554688
            ],
            [
                0.0,
                0.0,
                0.0,
                1.0
            ]
        ],
        "view25_extrinsic_matrix":[
            [
                0.0,
                1.0,
                -4.787317986015794e-16,
                4.006132125854492
            ],
            [
                -0.1736481785774231,
                -4.714587501999804e-16,
                -0.9848077297210693,
                4.298844337463379
            ],
            [
                -0.9848077297210693,
                8.313089717286063e-17,
                0.1736481785774231,
                -183.6208953857422
            ],
            [
                0.0,
                0.0,
                0.0,
                1.0
            ]
        ],
        "view26_extrinsic_matrix":[
            [
                -8.655393995419451e-16,
                0.0,
                -1.0,
                4.579318046569824
            ],
            [
                0.0,
                -1.0,
                0.0,
                -4.006132125854492
            ],
            [
                -1.0,
                0.0,
                8.655393995419451e-16,
                -182.8441619873047
            ],
            [
                0.0,
                0.0,
                0.0,
                1.0
            ]
        ],
        "view27_extrinsic_matrix":[
            [
                -8.689607244345829e-16,
                0.0,
                -1.0,
                4.579318046569824
            ],
            [
                0.1736481785774231,
                -0.9848077297210693,
                -1.5089345354386585e-16,
                -3.7343664169311523
            ],
            [
                -0.9848077297210693,
                -0.1736481785774231,
                8.55759292435151e-16,
                -183.5213623046875
            ],
            [
                0.0,
                0.0,
                0.0,
                1.0
            ]
        ],
        "view28_extrinsic_matrix":[
            [
                -8.690489217402157e-16,
                0.0,
                -1.0,
                4.579318046569824
            ],
            [
                0.3420201539993286,
                -0.9396926164627075,
                -2.9723222564188813e-16,
                -3.3491339683532715
            ],
            [
                -0.9396926164627075,
                -0.3420201539993286,
                8.166388640079743e-16,
                -184.14108276367188
            ],
            [
                0.0,
                0.0,
                0.0,
                1.0
            ]
        ],
        "view29_extrinsic_matrix":[
            [
                -8.695682058764418e-16,
                0.0,
                -1.0,
                4.579318046569824
            ],
            [
                0.5,
                -0.8660253882408142,
                -4.347841029382209e-16,
                -2.8621397018432617
            ],
            [
                -0.8660253882408142,
                -0.5,
                7.530681413440326e-16,
                -184.68450927734375
            ],
            [
                0.0,
                0.0,
                0.0,
                1.0
            ]
        ],
        "view2_extrinsic_matrix":[
            [
                1.0,
                0.0,
                0.0,
                1.2145447731018066
            ],
            [
                0.0,
                0.8660253882408142,
                -0.5,
                5.759071350097656
            ],
            [
                0.0,
                0.5,
                0.8660253882408142,
                -183.59234619140625
            ],
            [
                0.0,
                0.0,
                0.0,
                1.0
            ]
        ],
        "view30_extrinsic_matrix":[
            [
                -8.745409774910942e-16,
                0.0,
                -1.0,
                4.579318046569824
            ],
            [
                0.6427876353263855,
                -0.7660444378852844,
                -5.621441092362755e-16,
                -2.2881808280944824
            ],
            [
                -0.7660444378852844,
                -0.6427876353263855,
                6.6993725740606175e-16,
                -185.13510131835938
            ],
            [
                0.0,
                0.0,
                0.0,
                1.0
            ]
        ],
        "view31_extrinsic_matrix":[
            [
                -8.748707909449313e-16,
                0.0,
                -1.0,
                4.579318046569824
            ],
            [
                0.7660444378852844,
                -0.6427876353263855,
                -6.701898849825803e-16,
                -1.644696831703186
            ],
            [
                -0.6427876353263855,
                -0.7660444378852844,
                5.623560792313259e-16,
                -185.47918701171875
            ],
            [
                0.0,
                0.0,
                0.0,
                1.0
            ]
        ],
        "view32_extrinsic_matrix":[
            [
                -8.802095337323568e-16,
                0.0,
                -1.0,
                4.579318046569824
            ],
            [
                0.8660253882408142,
                -0.5,
                -7.622838068706002e-16,
                -0.9512394070625305
            ],
            [
                -0.5,
                -0.8660253882408142,
                4.401047668661784e-16,
                -185.706298828125
            ],
            [
                0.0,
                0.0,
                0.0,
                1.0
            ]
        ],
        "view33_extrinsic_matrix":[
            [
                -8.864486196031543e-16,
                0.0,
                -1.0,
                4.579318046569824
            ],
            [
                0.9396926164627075,
                -0.3420201539993286,
                -8.329892468679424e-16,
                -0.22887912392616272
            ],
            [
                -0.3420201539993286,
                -0.9396926164627075,
                3.0318329384083963e-16,
                -185.80953979492188
            ],
            [
                0.0,
                0.0,
                0.0,
                1.0
            ]
        ],
        "view34_extrinsic_matrix":[
            [
                -9.011421530787339e-16,
                0.0,
                -1.0,
                4.579318046569824
            ],
            [
                0.9848077297210693,
                -0.1736481785774231,
                -8.8745177131049945e-16,
                0.5004355907440186
            ],
            [
                -0.1736481785774231,
                -0.9848077297210693,
                1.564817004738169e-16,
                -185.78578186035156
            ],
            [
                0.0,
                0.0,
                0.0,
                1.0
            ]
        ],
        "view35_extrinsic_matrix":[
            [
                -1.0,
                4.1198695231670025e-16,
                0.0,
                -1.2145447731018066
            ],
            [
                0.0,
                0.0,
                -1.0,
                4.579318046569824
            ],
            [
                -4.1198695231670025e-16,
                -1.0,
                0.0,
                -185.6357421875
            ],
            [
                0.0,
                0.0,
                0.0,
                1.0
            ]
        ],
        "view3_extrinsic_matrix":[
            [
                1.0,
                0.0,
                0.0,
                1.2145447731018066
            ],
            [
                0.0,
                0.7660444378852844,
                -0.6427876353263855,
                6.012403964996338
            ],
            [
                0.0,
                0.6427876353263855,
                0.7660444378852844,
                -182.56248474121094
            ],
            [
                0.0,
                0.0,
                0.0,
                1.0
            ]
        ],
        "view4_extrinsic_matrix":[
            [
                1.0,
                0.0,
                0.0,
                1.2145447731018066
            ],
            [
                0.0,
                0.6427876353263855,
                -0.7660444378852844,
                6.083053112030029
            ],
            [
                0.0,
                0.7660444378852844,
                0.6427876353263855,
                -181.5042724609375
            ],
            [
                0.0,
                0.0,
                0.0,
                1.0
            ]
        ],
        "view5_extrinsic_matrix":[
            [
                1.0,
                0.0,
                0.0,
                1.2145447731018066
            ],
            [
                0.0,
                0.5,
                -0.8660253882408142,
                5.968871593475342
            ],
            [
                0.0,
                0.8660253882408142,
                0.5,
                -180.44985961914062
            ],
            [
                0.0,
                0.0,
                0.0,
                1.0
            ]
        ],
        "view6_extrinsic_matrix":[
            [
                1.0,
                0.0,
                0.0,
                1.2145447731018066
            ],
            [
                0.0,
                0.3420201539993286,
                -0.9396926164627075,
                5.6733293533325195
            ],
            [
                0.0,
                0.9396926164627075,
                0.3420201539993286,
                -179.43130493164062
            ],
            [
                0.0,
                0.0,
                0.0,
                1.0
            ]
        ],
        "view7_extrinsic_matrix":[
            [
                1.0,
                0.0,
                0.0,
                1.2145447731018066
            ],
            [
                0.0,
                0.1736481785774231,
                -0.9848077297210693,
                5.205405235290527
            ],
            [
                0.0,
                0.9848077297210693,
                0.1736481785774231,
                -178.4795379638672
            ],
            [
                0.0,
                0.0,
                0.0,
                1.0
            ]
        ],
        "view8_extrinsic_matrix":[
            [
                -1.0,
                0.0,
                0.0,
                -1.2145447731018066
            ],
            [
                0.0,
                1.9560211566610377e-16,
                1.0,
                -4.579318046569824
            ],
            [
                0.0,
                1.0,
                -1.9560211566610377e-16,
                -177.62347412109375
            ],
            [
                0.0,
                0.0,
                0.0,
                1.0
            ]
        ],
        "view9_extrinsic_matrix":[
            [
                -1.0,
                0.0,
                0.0,
                -1.2145447731018066
            ],
            [
                0.0,
                -0.1736481785774231,
                0.9848077297210693,
                -5.205405235290527
            ],
            [
                0.0,
                0.9848077297210693,
                0.1736481785774231,
                -178.4795379638672
            ],
            [
                0.0,
                0.0,
                0.0,
                1.0
            ]
        ]
    },
    "intrinsic_info":[
        [
            181.62961152690517,
            0,
            153
        ],
        [
            0,
            181.62961152690517,
            200
        ],
        [
            0,
            0,
            1
        ]
    ]
}