{
    "extrinsic_info":{
        "view0_extrinsic_matrix":[
            [
                0.989192008972168,
                -0.11260414123535156,
                -0.0939117819070816,
                1.1803628206253052
            ],
            [
                -0.14246468245983124,
                -0.5866085886955261,
                -0.7972415685653687,
                1.1277614831924438
            ],
            [
                0.034683242440223694,
                0.8020041584968567,
                -0.5963106751441956,
                -64.04032135009766
            ],
            [
                0.0,
                0.0,
                0.0,
                1.0
            ]
        ],
        "view10_extrinsic_matrix":[
            [
                0.9951302409172058,
                0.08584002405405045,
                -0.04844839870929718,
                1.7743773460388184
            ],
            [
                -0.011597459204494953,
                -0.38613972067832947,
                -0.9223673939704895,
                2.6628012657165527
            ],
            [
                -0.09788388758897781,
                0.9184376001358032,
                -0.38326379656791687,
                1.302491545677185
            ],
            [
                0.0,
                0.0,
                0.0,
                1.0
            ]
        ],
        "view11_extrinsic_matrix":[
            [
                0.9953631162643433,
                0.08224435150623322,
                -0.049880728125572205,
                1.7668145895004272
            ],
            [
                -0.015437602996826172,
                -0.37525975704193115,
                -0.9267911314964294,
                2.7219815254211426
            ],
            [
                -0.09494156390428543,
                0.9232637882232666,
                -0.3722500503063202,
                -1.8213821649551392
            ],
            [
                0.0,
                0.0,
                0.0,
                1.0
            ]
        ],
        "view1_extrinsic_matrix":[
            [
                0.9962339997291565,
                -0.07646060734987259,
                -0.040884584188461304,
                1.0908830165863037
            ],
            [
                -0.07957416772842407,
                -0.6190052032470703,
                -0.7813453078269958,
                1.0015658140182495
            ],
            [
                0.03443437069654465,
                0.7816561460494995,
                -0.6227583289146423,
                -96.50012969970703
            ],
            [
                0.0,
                0.0,
                0.0,
                1.0
            ]
        ],
        "view2_extrinsic_matrix":[
            [
                0.9771562218666077,
                -0.1635281890630722,
                -0.13573594391345978,
                1.1532624959945679
            ],
            [
                -0.19533157348632812,
                -0.43942388892173767,
                -0.876785159111023,
                2.017448902130127
            ],
            [
                0.08373347669839859,
                0.8832696080207825,
                -0.46132799983024597,
                -33.7751350402832
            ],
            [
                0.0,
                0.0,
                0.0,
                1.0
            ]
        ],
        "view3_extrinsic_matrix":[
            [
                0.9881865382194519,
                -0.08098021149635315,
                -0.13011375069618225,
                1.4716116189956665
            ],
            [
                -0.14998763799667358,
                -0.3366211950778961,
                -0.9296181201934814,
                2.726301431655884
            ],
            [
                0.03148162364959717,
                0.9381515979766846,
                -0.3447905480861664,
                -42.453250885009766
            ],
            [
                0.0,
                0.0,
                0.0,
                1.0
            ]
        ],
        "view4_extrinsic_matrix":[
            [
                0.9863258600234985,
                -0.16077569127082825,
                -0.036228206008672714,
                0.7197487354278564
            ],
            [
                -0.11234040558338165,
                -0.4950432777404785,
                -0.861575186252594,
                1.8257755041122437
            ],
            [
                0.12058581411838531,
                0.8538637757301331,
                -0.5063355565071106,
                -41.94293212890625
            ],
            [
                0.0,
                0.0,
                0.0,
                1.0
            ]
        ],
        "view5_extrinsic_matrix":[
            [
                0.9996587634086609,
                0.02126733399927616,
                0.015166563913226128,
                1.2298775911331177
            ],
            [
                0.021881209686398506,
                -0.3646659255027771,
                -0.9308813214302063,
                2.828477382659912
            ],
            [
                -0.014266635291278362,
                0.9308955073356628,
                -0.36500683426856995,
                -21.614639282226562
            ],
            [
                0.0,
                0.0,
                0.0,
                1.0
            ]
        ],
        "view6_extrinsic_matrix":[
            [
                0.976338267326355,
                0.17253966629505157,
                -0.13035951554775238,
                2.4739809036254883
            ],
            [
                0.057928819209337234,
                -0.7894680500030518,
                -0.6110519170761108,
                -0.29415521025657654
            ],
            [
                -0.20834536850452423,
                0.5890418291091919,
                -0.78078293800354,
                5.608907699584961
            ],
            [
                0.0,
                0.0,
                0.0,
                1.0
            ]
        ],
        "view7_extrinsic_matrix":[
            [
                0.9881471991539001,
                0.05039599910378456,
                -0.14500121772289276,
                2.0660486221313477
            ],
            [
                -0.11250641942024231,
                -0.4048803448677063,
                -0.9074217081069946,
                2.3967244625091553
            ],
            [
                -0.10443856567144394,
                0.9129798412322998,
                -0.39441150426864624,
                -27.330873489379883
            ],
            [
                0.0,
                0.0,
                0.0,
                1.0
            ]
        ],
        "view8_extrinsic_matrix":[
            [
                0.975284993648529,
                -0.1902533322572708,
                0.11235128343105316,
                -0.09214496612548828
            ],
            [
                0.010909614153206348,
                -0.46640530228614807,
                -0.8845038414001465,
                2.1951935291290283
            ],
            [
                0.22068104147911072,
                0.8638690710067749,
                -0.45280250906944275,
                -16.51013946533203
            ],
            [
                0.0,
                0.0,
                0.0,
                1.0
            ]
        ],
        "view9_extrinsic_matrix":[
            [
                0.9959293603897095,
                -0.0900341346859932,
                0.004309117328375578,
                0.8291793465614319
            ],
            [
                -0.02602630853652954,
                -0.333006888628006,
                -0.9425651431083679,
                2.9506258964538574
            ],
            [
                0.08629800379276276,
                0.938616156578064,
                -0.333994597196579,
                -42.43425369262695
            ],
            [
                0.0,
                0.0,
                0.0,
                1.0
            ]
        ]
    },
    "intrinsic_info":[
        [
            181.62961152690517,
            0,
            153
        ],
        [
            0,
            181.62961152690517,
            200
        ],
        [
            0,
            0,
            1
        ]
    ]
}