{
    "view0_extrinsic_matrix":[
        [
            1.0,
            0.0,
            0.0,
            0.7538852691650391
        ],
        [
            0.0,
            1.0,
            0.0,
            -0.792999267578125
        ],
        [
            0.0,
            0.0,
            1.0,
            -161.9308624267578
        ],
        [
            0.0,
            0.0,
            0.0,
            1.0
        ]
    ],
    "view10_extrinsic_matrix":[
        [
            -1.0,
            0.0,
            0.0,
            -0.7538852691650391
        ],
        [
            0.0,
            0.06975647062063217,
            0.9975640773773193,
            17.840694427490234
        ],
        [
            0.0,
            0.9975640773773193,
            -0.06975647062063217,
            -10.778497695922852
        ],
        [
            0.0,
            0.0,
            0.0,
            1.0
        ]
    ],
    "view11_extrinsic_matrix":[
        [
            -0.5,
            0.0,
            -0.8660253882408142,
            -11.421051979064941
        ],
        [
            0.0,
            1.0,
            0.0,
            -0.792999267578125
        ],
        [
            0.8660253882408142,
            0.0,
            -0.5,
            -90.76992797851562
        ],
        [
            0.0,
            0.0,
            0.0,
            1.0
        ]
    ],
    "view12_extrinsic_matrix":[
        [
            1.0,
            0.0,
            0.0,
            0.7538852691650391
        ],
        [
            0.0,
            1.0,
            0.0,
            -0.792999267578125
        ],
        [
            0.0,
            0.0,
            1.0,
            -11.930868148803711
        ],
        [
            0.0,
            0.0,
            0.0,
            1.0
        ]
    ],
    "view1_extrinsic_matrix":[
        [
            1.0,
            0.0,
            0.0,
            0.7538852691650391
        ],
        [
            0.0,
            1.0,
            0.0,
            -0.792999267578125
        ],
        [
            0.0,
            0.0,
            1.0,
            -116.93087005615234
        ],
        [
            0.0,
            0.0,
            0.0,
            1.0
        ]
    ],
    "view2_extrinsic_matrix":[
        [
            0.9612616896629333,
            0.0,
            -0.27563735842704773,
            2.1021010875701904
        ],
        [
            0.0,
            1.0,
            0.0,
            -0.792999267578125
        ],
        [
            0.27563735842704773,
            0.0,
            0.9612616896629333,
            -167.85382080078125
        ],
        [
            0.0,
            0.0,
            0.0,
            1.0
        ]
    ],
    "view3_extrinsic_matrix":[
        [
            0.9612616896629333,
            0.0,
            0.27563735842704773,
            -0.6527389287948608
        ],
        [
            0.0,
            1.0,
            0.0,
            -0.792999267578125
        ],
        [
            -0.27563735842704773,
            0.0,
            0.9612616896629333,
            -168.26942443847656
        ],
        [
            0.0,
            0.0,
            0.0,
            1.0
        ]
    ],
    "view4_extrinsic_matrix":[
        [
            0.9781476259231567,
            0.0,
            -0.2079116851091385,
            43.76075744628906
        ],
        [
            0.0,
            1.0,
            0.0,
            -0.792999267578125
        ],
        [
            0.2079116851091385,
            0.0,
            0.9781476259231567,
            -202.252197265625
        ],
        [
            0.0,
            0.0,
            0.0,
            1.0
        ]
    ],
    "view5_extrinsic_matrix":[
        [
            0.9781476259231567,
            0.0,
            -0.2079116851091385,
            -18.96793556213379
        ],
        [
            0.0,
            1.0,
            0.0,
            -0.792999267578125
        ],
        [
            0.2079116851091385,
            0.0,
            0.9781476259231567,
            -123.57493591308594
        ],
        [
            0.0,
            0.0,
            0.0,
            1.0
        ]
    ],
    "view6_extrinsic_matrix":[
        [
            1.0,
            0.0,
            0.0,
            45.75388717651367
        ],
        [
            0.0,
            1.0,
            0.0,
            -0.792999267578125
        ],
        [
            0.0,
            0.0,
            1.0,
            -206.9308624267578
        ],
        [
            0.0,
            0.0,
            0.0,
            1.0
        ]
    ],
    "view7_extrinsic_matrix":[
        [
            1.0,
            0.0,
            0.0,
            45.75388717651367
        ],
        [
            0.0,
            1.0,
            0.0,
            -0.792999267578125
        ],
        [
            0.0,
            0.0,
            1.0,
            -206.9308624267578
        ],
        [
            0.0,
            0.0,
            0.0,
            1.0
        ]
    ],
    "view8_extrinsic_matrix":[
        [
            1.0,
            0.0,
            0.0,
            0.7538852691650391
        ],
        [
            0.0,
            0.9781476259231567,
            -0.2079116851091385,
            -11.124991416931152
        ],
        [
            0.0,
            0.2079116851091385,
            0.9781476259231567,
            -167.91319274902344
        ],
        [
            0.0,
            0.0,
            0.0,
            1.0
        ]
    ],
    "view9_extrinsic_matrix":[
        [
            1.0,
            0.0,
            0.0,
            0.7538852691650391
        ],
        [
            0.0,
            0.9781476259231567,
            0.2079116851091385,
            9.573651313781738
        ],
        [
            0.0,
            -0.2079116851091385,
            0.9781476259231567,
            -167.58343505859375
        ],
        [
            0.0,
            0.0,
            0.0,
            1.0
        ]
    ]
}