{
    "extrinsic_info":{
        "anim0_extrinsic_matrix":[
            [
                0.9848077297210693,
                0.0,
                -0.1736481785774231,
                1.9912832975387573
            ],
            [
                0.0,
                1.0,
                0.0,
                4.006132125854492
            ],
            [
                0.1736481785774231,
                0.0,
                0.9848077297210693,
                -185.92845153808594
            ],
            [
                0.0,
                0.0,
                0.0,
                1.0
            ]
        ],
        "anim10_extrinsic_matrix":[
            [
                -0.3420201539993286,
                0.0,
                -0.9396926164627075,
                3.8877525329589844
            ],
            [
                0.0,
                1.0,
                0.0,
                4.006132125854492
            ],
            [
                0.9396926164627075,
                0.0,
                -0.3420201539993286,
                -178.92208862304688
            ],
            [
                0.0,
                0.0,
                0.0,
                1.0
            ]
        ],
        "anim11_extrinsic_matrix":[
            [
                -0.5,
                0.0,
                -0.8660253882408142,
                3.3585333824157715
            ],
            [
                0.0,
                1.0,
                0.0,
                4.006132125854492
            ],
            [
                0.8660253882408142,
                0.0,
                -0.5,
                -178.2881317138672
            ],
            [
                0.0,
                0.0,
                0.0,
                1.0
            ]
        ],
        "anim12_extrinsic_matrix":[
            [
                -0.6427876353263855,
                0.0,
                -0.7660444378852844,
                2.727266788482666
            ],
            [
                0.0,
                1.0,
                0.0,
                4.006132125854492
            ],
            [
                0.7660444378852844,
                0.0,
                -0.6427876353263855,
                -177.7556915283203
            ],
            [
                0.0,
                0.0,
                0.0,
                1.0
            ]
        ],
        "anim13_extrinsic_matrix":[
            [
                -0.7660444378852844,
                0.0,
                -0.6427876353263855,
                2.0131335258483887
            ],
            [
                0.0,
                1.0,
                0.0,
                4.006132125854492
            ],
            [
                0.6427876353263855,
                0.0,
                -0.7660444378852844,
                -177.34095764160156
            ],
            [
                0.0,
                0.0,
                0.0,
                1.0
            ]
        ],
        "anim14_extrinsic_matrix":[
            [
                -0.8660253882408142,
                0.0,
                -0.5,
                1.2378324270248413
            ],
            [
                0.0,
                1.0,
                0.0,
                4.006132125854492
            ],
            [
                0.5,
                0.0,
                -0.8660253882408142,
                -177.05653381347656
            ],
            [
                0.0,
                0.0,
                0.0,
                1.0
            ]
        ],
        "anim15_extrinsic_matrix":[
            [
                -0.9396926164627075,
                0.0,
                -0.3420201539993286,
                0.4249202609062195
            ],
            [
                0.0,
                1.0,
                0.0,
                4.006132125854492
            ],
            [
                0.3420201539993286,
                0.0,
                -0.9396926164627075,
                -176.9110565185547
            ],
            [
                0.0,
                0.0,
                0.0,
                1.0
            ]
        ],
        "anim16_extrinsic_matrix":[
            [
                -0.9848077297210693,
                0.0,
                -0.1736481785774231,
                -0.4009028673171997
            ],
            [
                0.0,
                1.0,
                0.0,
                4.006132125854492
            ],
            [
                0.1736481785774231,
                0.0,
                -0.9848077297210693,
                -176.90896606445312
            ],
            [
                0.0,
                0.0,
                0.0,
                1.0
            ]
        ],
        "anim17_extrinsic_matrix":[
            [
                -1.0,
                0.0,
                -5.855838402274069e-16,
                -1.2145447731018066
            ],
            [
                0.0,
                1.0,
                0.0,
                4.006132125854492
            ],
            [
                5.855838402274069e-16,
                0.0,
                -1.0,
                -177.05029296875
            ],
            [
                0.0,
                0.0,
                0.0,
                1.0
            ]
        ],
        "anim18_extrinsic_matrix":[
            [
                -0.9848077297210693,
                0.0,
                0.1736481785774231,
                -1.9912832975387573
            ],
            [
                0.0,
                1.0,
                0.0,
                4.006132125854492
            ],
            [
                -0.1736481785774231,
                0.0,
                -0.9848077297210693,
                -177.3307647705078
            ],
            [
                0.0,
                0.0,
                0.0,
                1.0
            ]
        ],
        "anim19_extrinsic_matrix":[
            [
                -0.9396926164627075,
                0.0,
                0.3420201539993286,
                -2.7075178623199463
            ],
            [
                0.0,
                1.0,
                0.0,
                4.006132125854492
            ],
            [
                -0.3420201539993286,
                0.0,
                -0.9396926164627075,
                -177.74185180664062
            ],
            [
                0.0,
                0.0,
                0.0,
                1.0
            ]
        ],
        "anim1_extrinsic_matrix":[
            [
                0.9396926164627075,
                0.0,
                -0.3420201539993286,
                2.7075178623199463
            ],
            [
                0.0,
                1.0,
                0.0,
                4.006132125854492
            ],
            [
                0.3420201539993286,
                0.0,
                0.9396926164627075,
                -185.51736450195312
            ],
            [
                0.0,
                0.0,
                0.0,
                1.0
            ]
        ],
        "anim20_extrinsic_matrix":[
            [
                -0.8660253882408142,
                0.0,
                0.5,
                -3.3414857387542725
            ],
            [
                0.0,
                1.0,
                0.0,
                4.006132125854492
            ],
            [
                -0.5,
                0.0,
                -0.8660253882408142,
                -178.2710723876953
            ],
            [
                0.0,
                0.0,
                0.0,
                1.0
            ]
        ],
        "anim21_extrinsic_matrix":[
            [
                -0.7660444378852844,
                0.0,
                0.6427876353263855,
                -3.8739242553710938
            ],
            [
                0.0,
                1.0,
                0.0,
                4.006132125854492
            ],
            [
                -0.6427876353263855,
                0.0,
                -0.7660444378852844,
                -178.90234375
            ],
            [
                0.0,
                0.0,
                0.0,
                1.0
            ]
        ],
        "anim22_extrinsic_matrix":[
            [
                -0.6427876353263855,
                0.0,
                0.7660444378852844,
                -4.2886552810668945
            ],
            [
                0.0,
                1.0,
                0.0,
                4.006132125854492
            ],
            [
                -0.7660444378852844,
                0.0,
                -0.6427876353263855,
                -179.61647033691406
            ],
            [
                0.0,
                0.0,
                0.0,
                1.0
            ]
        ],
        "anim23_extrinsic_matrix":[
            [
                -0.5,
                0.0,
                0.8660253882408142,
                -4.573078155517578
            ],
            [
                0.0,
                1.0,
                0.0,
                4.006132125854492
            ],
            [
                -0.8660253882408142,
                0.0,
                -0.5,
                -180.39178466796875
            ],
            [
                0.0,
                0.0,
                0.0,
                1.0
            ]
        ],
        "anim24_extrinsic_matrix":[
            [
                -0.3420201539993286,
                0.0,
                0.9396926164627075,
                -4.718550205230713
            ],
            [
                0.0,
                1.0,
                0.0,
                4.006132125854492
            ],
            [
                -0.9396926164627075,
                0.0,
                -0.3420201539993286,
                -181.20469665527344
            ],
            [
                0.0,
                0.0,
                0.0,
                1.0
            ]
        ],
        "anim25_extrinsic_matrix":[
            [
                -0.1736481785774231,
                0.0,
                0.9848077297210693,
                -4.720651626586914
            ],
            [
                0.0,
                1.0,
                0.0,
                4.006132125854492
            ],
            [
                -0.9848077297210693,
                0.0,
                -0.1736481785774231,
                -182.030517578125
            ],
            [
                0.0,
                0.0,
                0.0,
                1.0
            ]
        ],
        "anim26_extrinsic_matrix":[
            [
                -8.850995608159743e-16,
                0.0,
                1.0,
                -4.579318046569824
            ],
            [
                0.0,
                1.0,
                0.0,
                4.006132125854492
            ],
            [
                -1.0,
                0.0,
                -8.850995608159743e-16,
                -182.8441619873047
            ],
            [
                0.0,
                0.0,
                0.0,
                1.0
            ]
        ],
        "anim27_extrinsic_matrix":[
            [
                0.1736481785774231,
                0.0,
                0.9848077297210693,
                -4.298844337463379
            ],
            [
                0.0,
                1.0,
                0.0,
                4.006132125854492
            ],
            [
                -0.9848077297210693,
                0.0,
                0.1736481785774231,
                -183.6208953857422
            ],
            [
                0.0,
                0.0,
                0.0,
                1.0
            ]
        ],
        "anim28_extrinsic_matrix":[
            [
                0.3420201539993286,
                0.0,
                0.9396926164627075,
                -3.8877525329589844
            ],
            [
                0.0,
                1.0,
                0.0,
                4.006132125854492
            ],
            [
                -0.9396926164627075,
                0.0,
                0.3420201539993286,
                -184.33712768554688
            ],
            [
                0.0,
                0.0,
                0.0,
                1.0
            ]
        ],
        "anim29_extrinsic_matrix":[
            [
                0.5,
                0.0,
                0.8660253882408142,
                -3.3585333824157715
            ],
            [
                0.0,
                1.0,
                0.0,
                4.006132125854492
            ],
            [
                -0.8660253882408142,
                0.0,
                0.5,
                -184.97109985351562
            ],
            [
                0.0,
                0.0,
                0.0,
                1.0
            ]
        ],
        "anim2_extrinsic_matrix":[
            [
                0.8660253882408142,
                0.0,
                -0.5,
                3.3414857387542725
            ],
            [
                0.0,
                1.0,
                0.0,
                4.006132125854492
            ],
            [
                0.5,
                0.0,
                0.8660253882408142,
                -184.98814392089844
            ],
            [
                0.0,
                0.0,
                0.0,
                1.0
            ]
        ],
        "anim30_extrinsic_matrix":[
            [
                0.6427876353263855,
                0.0,
                0.7660444378852844,
                -2.727266788482666
            ],
            [
                0.0,
                1.0,
                0.0,
                4.006132125854492
            ],
            [
                -0.7660444378852844,
                0.0,
                0.6427876353263855,
                -185.5035400390625
            ],
            [
                0.0,
                0.0,
                0.0,
                1.0
            ]
        ],
        "anim31_extrinsic_matrix":[
            [
                0.7660444378852844,
                0.0,
                0.6427876353263855,
                -2.0131335258483887
            ],
            [
                0.0,
                1.0,
                0.0,
                4.006132125854492
            ],
            [
                -0.6427876353263855,
                0.0,
                0.7660444378852844,
                -185.91827392578125
            ],
            [
                0.0,
                0.0,
                0.0,
                1.0
            ]
        ],
        "anim32_extrinsic_matrix":[
            [
                0.8660253882408142,
                0.0,
                0.5,
                -1.2378324270248413
            ],
            [
                0.0,
                1.0,
                0.0,
                4.006132125854492
            ],
            [
                -0.5,
                0.0,
                0.8660253882408142,
                -186.2026824951172
            ],
            [
                0.0,
                0.0,
                0.0,
                1.0
            ]
        ],
        "anim33_extrinsic_matrix":[
            [
                0.9396926164627075,
                0.0,
                0.3420201539993286,
                -0.4249202609062195
            ],
            [
                0.0,
                1.0,
                0.0,
                4.006132125854492
            ],
            [
                -0.3420201539993286,
                0.0,
                0.9396926164627075,
                -186.34815979003906
            ],
            [
                0.0,
                0.0,
                0.0,
                1.0
            ]
        ],
        "anim34_extrinsic_matrix":[
            [
                0.9848077297210693,
                0.0,
                0.1736481785774231,
                0.4009028673171997
            ],
            [
                0.0,
                1.0,
                0.0,
                4.006132125854492
            ],
            [
                -0.1736481785774231,
                0.0,
                0.9848077297210693,
                -186.3502655029297
            ],
            [
                0.0,
                0.0,
                0.0,
                1.0
            ]
        ],
        "anim35_extrinsic_matrix":[
            [
                1.0,
                0.0,
                1.2347383501791964e-15,
                1.2145447731018066
            ],
            [
                0.0,
                1.0,
                0.0,
                4.006132125854492
            ],
            [
                -1.2347383501791964e-15,
                0.0,
                1.0,
                -186.20892333984375
            ],
            [
                0.0,
                0.0,
                0.0,
                1.0
            ]
        ],
        "anim3_extrinsic_matrix":[
            [
                0.7660444378852844,
                0.0,
                -0.6427876353263855,
                3.8739242553710938
            ],
            [
                0.0,
                1.0,
                0.0,
                4.006132125854492
            ],
            [
                0.6427876353263855,
                0.0,
                0.7660444378852844,
                -184.35687255859375
            ],
            [
                0.0,
                0.0,
                0.0,
                1.0
            ]
        ],
        "anim4_extrinsic_matrix":[
            [
                0.6427876353263855,
                0.0,
                -0.7660444378852844,
                4.2886552810668945
            ],
            [
                0.0,
                1.0,
                0.0,
                4.006132125854492
            ],
            [
                0.7660444378852844,
                0.0,
                0.6427876353263855,
                -183.6427459716797
            ],
            [
                0.0,
                0.0,
                0.0,
                1.0
            ]
        ],
        "anim5_extrinsic_matrix":[
            [
                0.5,
                0.0,
                -0.8660253882408142,
                4.573078155517578
            ],
            [
                0.0,
                1.0,
                0.0,
                4.006132125854492
            ],
            [
                0.8660253882408142,
                0.0,
                0.5,
                -182.86744689941406
            ],
            [
                0.0,
                0.0,
                0.0,
                1.0
            ]
        ],
        "anim6_extrinsic_matrix":[
            [
                0.3420201539993286,
                0.0,
                -0.9396926164627075,
                4.718550205230713
            ],
            [
                0.0,
                1.0,
                0.0,
                4.006132125854492
            ],
            [
                0.9396926164627075,
                0.0,
                0.3420201539993286,
                -182.05453491210938
            ],
            [
                0.0,
                0.0,
                0.0,
                1.0
            ]
        ],
        "anim7_extrinsic_matrix":[
            [
                0.1736481785774231,
                0.0,
                -0.9848077297210693,
                4.720651626586914
            ],
            [
                0.0,
                1.0,
                0.0,
                4.006132125854492
            ],
            [
                0.9848077297210693,
                0.0,
                0.1736481785774231,
                -181.2287139892578
            ],
            [
                0.0,
                0.0,
                0.0,
                1.0
            ]
        ],
        "anim8_extrinsic_matrix":[
            [
                4.498848739729726e-16,
                0.0,
                -1.0,
                4.579318046569824
            ],
            [
                0.0,
                1.0,
                0.0,
                4.006132125854492
            ],
            [
                1.0,
                0.0,
                4.498848739729726e-16,
                -180.41506958007812
            ],
            [
                0.0,
                0.0,
                0.0,
                1.0
            ]
        ],
        "anim9_extrinsic_matrix":[
            [
                -0.1736481785774231,
                0.0,
                -0.9848077297210693,
                4.298844337463379
            ],
            [
                0.0,
                1.0,
                0.0,
                4.006132125854492
            ],
            [
                0.9848077297210693,
                0.0,
                -0.1736481785774231,
                -179.63832092285156
            ],
            [
                0.0,
                0.0,
                0.0,
                1.0
            ]
        ]
    },
    "intrinsic_info":[
        [
            181.62961152690517,
            0,
            153
        ],
        [
            0,
            181.62961152690517,
            200
        ],
        [
            0,
            0,
            1
        ]
    ]
}